43 0.5715106725692749 0.4972480982542038 0.011839628219604492 0.012605458498001099
158 0.136474609375 0.434326171875 0.01123046875 0.01806640625
52 0.066650390625 0.3369140625 0.02685546875 0.0419921875
52 0.864013671875 0.461181640625 0.00732421875 0.00830078125
110 0.099365234375 0.489990234375 0.00830078125 0.01513671875
148 0.111328125 0.429931640625 0.0126953125 0.01904296875
224 0.07275390625 0.4228515625 0.0126953125 0.021484375
55 0.057373046875 0.42041015625 0.01416015625 0.021484375
111 0.0869140625 0.42529296875 0.0146484375 0.021484375
61 0.85009765625 0.460693359375 0.0068359375 0.00927734375
8 0.125244140625 0.43212890625 0.01220703125 0.01953125
