110 0.628479638671875 0.43220153808593753 0.03771123046875002 0.02900659179687498
65 0.8845260498046874 0.33385251464843746 0.018212255859375026 0.020539013671874995
128 0.8593356201171876 0.3293961669921875 0.019764990234374946 0.020926123046875023
223 0.858173291015625 0.3648545654296875 0.019764550781249945 0.01976381835937502
66 0.943817041015625 0.41968928222656254 0.019762988281250005 0.023251611328124977
170 0.9062270263671875 0.3716363037109375 0.016663037109375 0.021701318359375
148 0.8839441162109375 0.36872993164062506 0.018601123046875 0.019763574218750024
0 0.51293603515625 0.45008891601562495 0.00967089843750002 0.009669042968749986
111 0.5233320556640626 0.44912207031249995 0.009183642578124984 0.00966894531250001
61 0.07952724609375 0.4790958251953125 0.015953906249999997 0.023205322265624995
97 0.9069452392578125 0.3376875244140625 0.01933969726562501 0.018854541015625004
