188 0.3876953125 0.398193359375 0.01953125 0.01904296875
175 0.523681640625 0.3935546875 0.02001953125 0.01953125
175 0.58642578125 0.393310546875 0.0205078125 0.01904296875
42 0.455810546875 0.39501953125 0.02001953125 0.01953125
128 0.36328125 0.377197265625 0.0185546875 0.01806640625
128 0.43212890625 0.374755859375 0.0185546875 0.01806640625
66 0.386962890625 0.375 0.02001953125 0.0185546875
179 0.432861328125 0.396240234375 0.01904296875 0.01904296875
162 0.364501953125 0.3994140625 0.01904296875 0.017578125
0 0.49951171875 0.394287109375 0.01953125 0.01904296875
0 0.561767578125 0.39306640625 0.01904296875 0.0185546875
61 0.631591796875 0.39306640625 0.02001953125 0.0205078125
