19 0.6480945348739624 0.44258353114128113 0.014752745628356934 0.01296001672744751
72 0.5963515639305115 0.43670445680618286 0.01369011402130127 0.012927412986755371
220 0.39159384765625 0.43906569824218755 0.012788281249999978 0.013950732421875
16 0.5518356689453126 0.45727915039062506 0.008524853515625042 0.010075878906250002
134 0.609769873046875 0.4822744873046875 0.009686230468749946 0.010463037109375017
134 0.6099652099609374 0.49719362792968747 0.010848388671874987 0.010852099609374999
128 0.6099652099609374 0.4663860595703125 0.010848388671874987 0.012013330078124995
0 0.5409839599609376 0.45747307128906256 0.009301904296875052 0.011238134765625019
111 0.5619098876953125 0.45727902832031253 0.008526806640624995 0.010075634765625008
61 0.3286209228515625 0.44100324707031247 0.012401025390624987 0.013950830078124976
