158 0.6293565673828125 0.447914794921875 0.012482666015624977 0.013594238281250004
52 0.5857985595703126 0.44791491699218755 0.01248579101562497 0.011929443359375014
220 0.4010286865234375 0.43487548828125 0.014149169921874982 0.0152587890625
16 0.55736240234375 0.4585958984375 0.009431835937499966 0.009987695312499989
134 0.6005035888671875 0.485506982421875 0.009708349609374944 0.010542285156249998
134 0.6003635498046875 0.4986845214843749 0.011098193359375008 0.009156152343749946
128 0.6009177490234375 0.4709416015625 0.009989794921875017 0.009710351562499997
14 0.5462648681640625 0.45942827148437504 0.008877392578125032 0.009432714843750023
111 0.5680442138671875 0.458873291015625 0.00859819335937495 0.00998779296875002
61 0.3330577880859375 0.4366787353515625 0.013594091796874985 0.014981494140624996
60 0.5774749267578125 0.48051313476562496 0.008602197265625056 0.008877832031249977
