188 0.8369140625 0.404622314453125 0.013671875 0.014974121093750015
175 0.9501961181640626 0.4153645751953125 0.011066064453124969 0.014322900390625004
42 0.8785799072265625 0.4078776123046875 0.01367348632812504 0.014973974609374996
42 0.9150398681640626 0.41178376464843747 0.011066064453124969 0.013672021484375019
128 0.82063720703125 0.3850911376953125 0.014975585937500036 0.016276025390625004
128 0.8642578125 0.38997404785156253 0.013671875 0.015624853515624981
66 0.8369140625 0.38671875 0.013671875 0.015625
179 0.8636075927734375 0.406901123046875 0.01367026367187496 0.014322753906249985
179 0.90169189453125 0.41015617675781246 0.013022460937500036 0.01432309570312501
162 0.82096435546875 0.40299470214843747 0.014321289062499964 0.01562514648437502
0 0.9384773681640626 0.41406242675781246 0.011066064453124969 0.01432309570312501
61 0.9762369873046874 0.4186197998046875 0.011067724609374996 0.013020849609374996
