15 0.03350831940770149 0.4866013824939728 0.012132152915000916 0.010256707668304443
158 0.64220380859375 0.45060920410156247 0.012933007812499953 0.014551416015624985
52 0.5924040039062499 0.4507708984375 0.014876367187499961 0.01487480468750002
220 0.43605769042968745 0.45448952636718754 0.012611474609375006 0.013904833984374976
16 0.5654038574218749 0.4649989990234375 0.010670996093749996 0.010347607421875016
134 0.610029150390625 0.4936167724609375 0.011962597656249963 0.010671044921874984
134 0.60986748046875 0.5094621337890625 0.01163925781249997 0.011316845703124967
128 0.6093824218749999 0.4782569580078125 0.010669140625000018 0.010994384765624976
0 0.5532765869140625 0.46451396484374996 0.010996533203124992 0.011964453124999996
111 0.5767213623046874 0.465160693359375 0.010024755859375012 0.010670996093749996
61 0.381894091796875 0.4528727783203125 0.01293466796874998 0.013904736328125
