188 0.75146484375 0.4130859375 0.0126953125 0.013671875
175 0.860595703125 0.4208984375 0.01025390625 0.0126953125
42 0.791259765625 0.415771484375 0.01123046875 0.01318359375
42 0.826171875 0.417724609375 0.0107421875 0.01220703125
128 0.73681640625 0.396240234375 0.0126953125 0.01318359375
128 0.777587890625 0.399658203125 0.01220703125 0.01318359375
66 0.751953125 0.397705078125 0.0126953125 0.01318359375
179 0.777099609375 0.414794921875 0.01220703125 0.01318359375
179 0.813232421875 0.41650390625 0.01220703125 0.013671875
162 0.736572265625 0.411865234375 0.01318359375 0.01318359375
0 0.84814453125 0.419921875 0.01171875 0.0126953125
61 0.885498046875 0.423095703125 0.01025390625 0.01220703125
