96 0.5270241498947144 0.4491831660270691 0.010103583335876465 0.009786248207092285
110 0.5163026123046874 0.43820468749999997 0.009431396484374965 0.00971015624999999
128 0.505482958984375 0.43792717285156246 0.00887607421875003 0.008600439453124997
224 0.5323930175781251 0.39936435546875004 0.021084863281250033 0.021362500000000006
14 0.5158855712890624 0.449856884765625 0.009710595703125047 0.009155175781250025
111 0.5593035400390625 0.4001963134765625 0.019974267578125038 0.020807666015625004
111 0.526841748046875 0.43806591796875 0.009425683593749956 0.008877929687500008
20 0.5823291259765626 0.483287548828125 0.01775395507812505 0.015536035156250017
72 0.5848843017578125 0.4335769775390625 0.016008837890625016 0.015990869140624975
19 0.584641796875 0.4504413330078125 0.015777734374999963 0.015872900390625
