19 0.06297117471694946 0.4796408712863922 0.010525882244110107 0.009511113166809082
72 0.062269302085042 0.46707361936569214 0.010232176631689072 0.009838700294494629
2 0.7048282027244568 0.46058717370033264 0.009248733520507812 0.009128391742706299
111 0.4600293040275574 0.46241524815559387 0.008939206600189209 0.009925305843353271
121 0.959716796875 0.541259765625 0.02685546875 0.03076171875
110 0.7763671875 0.550537109375 0.03515625 0.03857421875
110 0.654541015625 0.46728515625 0.01025390625 0.0087890625
61 0.87744140625 0.545654296875 0.0302734375 0.03369140625
61 0.65380859375 0.45654296875 0.0087890625 0.0087890625
72 0.578369140625 0.486328125 0.00927734375 0.009765625
19 0.65869140625 0.485107421875 0.0048828125 0.00927734375
