43 0.937829852104187 0.4755293130874634 0.010221481323242188 0.011927902698516846
158 0.647216796875 0.449462890625 0.01123046875 0.01123046875
52 0.441162109375 0.444091796875 0.01318359375 0.01318359375
110 0.61083984375 0.484375 0.0078125 0.0078125
148 0.62158203125 0.449462890625 0.0107421875 0.01123046875
224 0.58837890625 0.44921875 0.0107421875 0.01171875
55 0.575927734375 0.449951171875 0.01220703125 0.01123046875
111 0.599609375 0.44921875 0.0107421875 0.0107421875
61 0.36279296875 0.4462890625 0.0126953125 0.013671875
8 0.634033203125 0.44921875 0.01123046875 0.0126953125
