188 0.29609375000000004 0.29863281249999996 0.03437499999999999 0.03242187499999999
175 0.6566406250000001 0.2810546875 0.03749999999999998 0.033203125
42 0.4326171875 0.28437500000000004 0.037109375 0.03437499999999999
42 0.5576171875 0.277734375 0.03867187500000002 0.03437499999999999
128 0.255859375 0.268359375 0.03359374999999998 0.03125
128 0.3873046875 0.2505859375 0.037109375 0.031640625000000006
66 0.2958984375 0.2625 0.03476562500000002 0.03281250000000002
179 0.3884765625 0.28828125 0.037109375 0.03359374999999998
179 0.51328125 0.277734375 0.0390625 0.03437499999999999
162 0.257421875 0.304296875 0.033593750000000006 0.03281250000000002
0 0.6136718750000001 0.2787109375 0.03671875000000002 0.03398437500000001
