158 0.7002723388671874 0.41721450195312504 0.02078881835937496 0.02127177734375002
52 0.6321072998046875 0.4157642578125 0.019820068359374998 0.022238476562499998
220 0.30940600585937506 0.38506533203125 0.026105957031250016 0.026589648437500002
16 0.5760276611328125 0.44042006835937497 0.013051416015624984 0.013536425781249972
134 0.6543446044921875 0.4754699951171875 0.014988037109375019 0.016920458984374998
134 0.653861181640625 0.49770834960937504 0.014987988281250031 0.014020214843750045
128 0.6555531738281251 0.45323129882812496 0.015471582031249986 0.014987011718749998
14 0.561039111328125 0.4413869384765625 0.013054785156250026 0.014503369140625
111 0.5902886230468749 0.4404200927734375 0.012569433593749957 0.014503271484375024
61 0.19652116699218752 0.3930422607421875 0.023688818359375002 0.025139208984374994
60 0.603341064453125 0.47063544921875 0.013537597656249956 0.014019921875000008
