96 0.5331913828849792 0.42747995257377625 0.014092445373535156 0.012850821018218994
16 0.5000836181640624 0.428620361328125 0.01390747070312498 0.013904785156249988
128 0.49976088867187496 0.410027001953125 0.01455107421874996 0.014227832031249998
224 0.5569965820312499 0.25173974609375 0.057235351562500036 0.049474609375000006
14 0.5167374023437499 0.428943603515625 0.013582226562499966 0.014551269531250022
111 0.6281376953125001 0.2577218994140625 0.05400000000000005 0.04850434570312498
111 0.5332281494140625 0.41018859863281254 0.014229736328124964 0.013258056640625016
20 0.7146362304687499 0.46467578125000003 0.05367675781250003 0.04915136718750002
60 0.5167367675781249 0.41035019531250005 0.013580957031249952 0.012934765625000011
72 0.693161767578125 0.34112380371093753 0.041294238281250006 0.04076518554687497
19 0.6929685058593751 0.382845458984375 0.04076123046875002 0.04210986328124999
