124 0.7699308395385742 0.7999944686889648 0.06611418724060059 0.1712738275527954
72 0.6154531836509705 0.49813351035118103 0.011018157005310059 0.012086331844329834
110 0.8412318229675293 0.5119425058364868 0.009476900100708008 0.011273503303527832
22 0.5597730875015259 0.6202795505523682 0.06603026390075684 0.06170368194580078
110 0.633056640625 0.4814453125 0.00634765625 0.0087890625
85 0.441162109375 0.476318359375 0.00830078125 0.00927734375
111 0.4404296875 0.466552734375 0.0068359375 0.00830078125
61 0.36865234375 0.455078125 0.00390625 0.005859375
61 0.390625 0.456298828125 0.00390625 0.00439453125
61 0.63330078125 0.471435546875 0.0068359375 0.00830078125
72 0.0751953125 0.44677734375 0.013671875 0.0185546875
19 0.074951171875 0.468994140625 0.01318359375 0.01806640625
