158 0.272705078125 0.440673828125 0.01025390625 0.02587890625
52 0.257080078125 0.43896484375 0.01220703125 0.02734375
15 0.62451171875 0.475341796875 0.0126953125 0.01416015625
39 0.985107421875 0.3935546875 0.01318359375 0.0166015625
39 0.270263671875 0.37646484375 0.00634765625 0.017578125
14 0.9228515625 0.39111328125 0.0205078125 0.0244140625
14 0.229736328125 0.370361328125 0.01123046875 0.02783203125
216 0.898193359375 0.49365234375 0.00927734375 0.009765625
216 0.909912109375 0.48876953125 0.00830078125 0.009765625
111 0.943359375 0.393798828125 0.01953125 0.02490234375
111 0.243408203125 0.37451171875 0.01318359375 0.029296875
19 0.263671875 0.419921875 0.01171875 0.02734375
