188 0.6375000000000001 0.4158203125 0.010937500000000044 0.011328125000000022
175 0.7037109375 0.4154296875 0.010546874999999956 0.010546875000000011
175 0.7345703124999999 0.4154296875 0.010546874999999956 0.010546875000000011
221 0.67109375 0.415625 0.01171875 0.01171875
128 0.6236328125 0.4033203125 0.010546874999999956 0.010546875000000011
128 0.657421875 0.40312499999999996 0.010937500000000044 0.010937499999999989
66 0.637109375 0.4029296875 0.010937500000000044 0.010546875000000011
182 0.6578125 0.415625 0.010937500000000044 0.010937499999999989
162 0.6240234375 0.4158203125 0.011328125000000022 0.011328125000000022
10 0.6908203125000001 0.41523437500000004 0.011328125000000022 0.010937499999999989
10 0.7216796875 0.41542968750000003 0.010546874999999956 0.011328125000000022
61 0.75859375 0.416015625 0.010156249999999978 0.010937499999999989
