96 0.5277252197265625 0.4398006200790405 0.010262131690979004 0.009276330471038818
110 0.5142222900390625 0.42599753417968744 0.010817626953125048 0.01137495117187498
16 0.50145908203125 0.440701513671875 0.01137519531250003 0.010820019531250002
128 0.501181201171875 0.4262750732421875 0.011376074218749976 0.010264990234374993
224 0.5361374755859374 0.3567781982421875 0.029687060546874977 0.029407958984374982
14 0.5143590087890624 0.44056269531250003 0.010544189453124964 0.011097070312500013
111 0.5749784667968749 0.35816557617187506 0.03079677734374997 0.027743261718750023
111 0.5271218017578125 0.4259977294921875 0.01054243164062496 0.010819677734374977
20 0.6128473388671876 0.47662932128906255 0.02774545898437497 0.023859228515624997
72 0.611954638671875 0.40583583984375005 0.023733496093749973 0.0235779296875
19 0.6120424560546875 0.4300597900390625 0.022698193359374952 0.023382275390624985
