170 0.7220147949218749 0.4871139404296875 0.007974902343749979 0.007003271484375018
170 0.8538091064453126 0.490810205078125 0.007002978515625036 0.007003222656249974
138 0.6218265869140625 0.48409873046874996 0.007588720703124996 0.006808789062499987
68 0.68067548828125 0.483709619140625 0.008558007812500046 0.00875419921874998
68 0.7223069824218751 0.477387255859375 0.008168652343749971 0.008559667968750018
68 0.769387353515625 0.4886705078125 0.008169238281250046 0.008948437500000017
68 0.8112087646484375 0.48944833984375 0.008169482421874985 0.008559765624999993
68 0.8540023681640625 0.48195891113281253 0.008170751953125 0.007198095703125018
68 0.8921332275390624 0.49236442871093755 0.005838720703124967 0.007004248046874995
68 0.9276370361328126 0.48507158203125 0.007588525390625045 0.007586523437499992
