188 0.4263671875 0.4224609375 0.013671875 0.013671875
175 0.5548828125 0.4171875 0.013671875 0.014062499999999978
42 0.4755859375 0.4201171875 0.013671875 0.013671875
42 0.51953125 0.41777343749999996 0.014062499999999978 0.012890624999999989
128 0.4107421875 0.40859375 0.012890624999999989 0.012500000000000011
128 0.459765625 0.40625 0.013281250000000022 0.013281250000000022
66 0.42597656250000004 0.4076171875 0.012890624999999989 0.012890624999999989
179 0.460546875 0.420703125 0.013281250000000022 0.013281250000000022
179 0.504296875 0.4177734375 0.014062500000000033 0.013671875
162 0.4109375 0.423046875 0.013281250000000022 0.014062499999999978
0 0.5394531250000001 0.4171875 0.013281250000000022 0.013281250000000022
