188 0.48808593749999996 0.442578125 0.010546875000000011 0.010156249999999978
175 0.549609375 0.44160156250000004 0.010156249999999978 0.010546875000000011
175 0.5798828125 0.4408203125 0.010546874999999956 0.010546875000000011
221 0.51875 0.4419921875 0.010156249999999978 0.010546875000000011
128 0.4755859375 0.431640625 0.010546875000000011 0.010156249999999978
128 0.506640625 0.43046875 0.010156249999999978 0.010156249999999978
66 0.48789062499999997 0.4314453125 0.010156249999999978 0.009765625
182 0.506640625 0.442578125 0.010156249999999978 0.010156249999999978
162 0.47578125000000004 0.44316406249999996 0.010937499999999989 0.010546875000000011
10 0.5373046874999999 0.44160156250000004 0.010546874999999956 0.010546875000000011
10 0.5671875 0.44121093749999996 0.010156249999999978 0.010546875000000011
61 0.6044921875 0.4404296875 0.010546874999999956 0.009765625
