158 0.728740966796875 0.4014757568359375 0.022862792968750045 0.025576513671875023
52 0.645810546875 0.3985693603515625 0.026738281249999996 0.025963916015624977
220 0.3729926513671875 0.4092262451171875 0.024414013671875012 0.025576513671875023
16 0.58400107421875 0.4338340576171875 0.01627363281250005 0.015113427734375018
134 0.6756505371093751 0.4729740966796875 0.018986621093750045 0.017438427734374984
134 0.6756498779296876 0.49913171386718747 0.020538037109374963 0.01937670898437499
128 0.6744879638671875 0.44565349121093745 0.01666147460937495 0.019376318359374978
0 0.5661744384765625 0.434027734375 0.016274658203125014 0.016276171875000023
111 0.6018268310546875 0.43422148437499997 0.015499365234375007 0.016663671875000008
61 0.2840556640625 0.4117451171875 0.02015136718749999 0.022088867187500028
