158 0.675456787109375 0.43344650878906255 0.01859912109374995 0.018988720703125017
52 0.6146143798828125 0.43209023437500005 0.017051025390624974 0.017825976562500012
220 0.4134888671875 0.435190380859375 0.017826367187500025 0.017826074218749988
16 0.5737302001953124 0.45185380859375 0.01356391601562501 0.012400976562499999
134 0.6349600830078125 0.48673115234375 0.013562744140624972 0.01472597656250002
134 0.6349586669921875 0.5061074951171876 0.012788427734375052 0.012400537109375054
128 0.6341841796875001 0.46638613281249997 0.01356367187499996 0.013563281250000003
0 0.559585009765625 0.4520477783203125 0.01240244140625002 0.013563330078124991
111 0.5878760498046876 0.45301655273437497 0.013173974609374972 0.013175683593749987
61 0.34528464355468746 0.4322840087890625 0.015500927734375003 0.015888330078125013
