220 0.14500251412391663 0.50965815782547 0.012927979230880737 0.014654159545898438
65 0.48554687500000004 0.42421875 0.012500000000000011 0.012500000000000011
128 0.36152343750000004 0.4232421875 0.010546875000000011 0.012109374999999978
128 0.51640625 0.4453125 0.013281250000000022 0.012500000000000011
223 0.48515624999999996 0.4056640625 0.012500000000000011 0.012890624999999989
3 0.503125 0.4171875 0.015625000000000056 0.017187500000000022
148 0.4703125 0.4076171875 0.010937499999999989 0.012109374999999978
148 0.71484375 0.447265625 0.010156249999999978 0.010937499999999989
61 0.1185546875 0.43984375 0.012109375000000006 0.01874999999999999
97 0.47109375 0.4255859375 0.01171875 0.012109374999999978
