158 0.944580078125 0.4423828125 0.01318359375 0.013671875
52 0.67236328125 0.44775390625 0.0126953125 0.0126953125
148 0.9189453125 0.441162109375 0.01171875 0.01318359375
224 0.88037109375 0.43896484375 0.01171875 0.0146484375
224 0.070068359375 0.45263671875 0.00732421875 0.0078125
55 0.865478515625 0.4375 0.01318359375 0.0146484375
111 0.894775390625 0.43994140625 0.01318359375 0.015625
111 0.07958984375 0.45263671875 0.0068359375 0.0087890625
61 0.595947265625 0.44921875 0.01318359375 0.0126953125
72 0.0107421875 0.47216796875 0.0087890625 0.0087890625
19 0.010986328125 0.482177734375 0.00634765625 0.00732421875
8 0.931640625 0.44140625 0.01171875 0.0146484375
