188 0.477734375 0.42734375 0.013281250000000022 0.013281250000000022
175 0.5611328125 0.42578125 0.013671875 0.013281250000000022
175 0.6009765625 0.4248046875 0.013671875 0.013671875
221 0.5193359375 0.4263671875 0.013671875 0.013671875
128 0.4609375 0.4123046875 0.013281250000000022 0.013671875
128 0.5025390625 0.411328125 0.014453125000000011 0.014062499999999978
66 0.477734375 0.412109375 0.013281250000000022 0.013281250000000022
182 0.502734375 0.4265625 0.013281250000000022 0.013281250000000022
162 0.4611328125 0.42753906249999996 0.013671875 0.012890624999999989
10 0.54375 0.42558593749999996 0.014062499999999978 0.012890624999999989
10 0.5843750000000001 0.4248046875 0.014062499999999978 0.013671875
61 0.6341796875 0.4251953125 0.014453124999999956 0.013671875
