158 0.84383505859375 0.34954736328125 0.03371503906249995 0.03565234374999998
52 0.7258333007812501 0.33966552734375 0.03720371093749997 0.03758984375000002
220 0.2910310791015625 0.36311083984375003 0.036427392578124995 0.03720214843750003
16 0.6058938232421875 0.4115514404296875 0.019766162109374985 0.020926123046875023
134 0.7702066650390624 0.455147802734375 0.029837158203125047 0.02983955078125
134 0.771756298828125 0.4973881103515625 0.02828798828125001 0.029064306640625037
128 0.768848779296875 0.4132951171875 0.02790263671875004 0.030614648437500003
0 0.5826429931640625 0.412326513671875 0.020539892578125052 0.02015107421875001
111 0.6274016357421874 0.41135759277343753 0.020926318359374974 0.021313818359375014
61 0.1646979248046875 0.374542724609375 0.026351904296875006 0.034489746093749996
