128 0.752685546875 0.3564453125 0.02880859375 0.0283203125
128 0.4619140625 0.310302734375 0.03125 0.02978515625
66 0.46044921875 0.27978515625 0.0283203125 0.0283203125
187 0.4296875 0.3125 0.03125 0.0302734375
105 0.727783203125 0.3935546875 0.04638671875 0.0458984375
105 0.50048828125 0.3935546875 0.0478515625 0.0478515625
0 0.396240234375 0.300537109375 0.02978515625 0.02880859375
145 0.609375 0.392822265625 0.048828125 0.04833984375
145 0.384765625 0.394287109375 0.0439453125 0.04541015625
44 0.428466796875 0.2822265625 0.02978515625 0.0283203125
