158 0.88695224609375 0.4534635009765625 0.009431835937499966 0.010264892578125018
52 0.854299365234375 0.4512725341796875 0.008911230468749975 0.011238427734375
220 0.7048173339843751 0.4404242431640625 0.011929589843750033 0.012484228515624973
16 0.756696337890625 0.4605379638671875 0.006937597656250016 0.008322998046874974
134 0.8668370361328124 0.48564562988281246 0.007492431640624964 0.009155517578124994
134 0.8665616210937499 0.49826794433593746 0.007488476562499957 0.008879638671874968
128 0.8668375 0.4741322265625 0.006936718750000015 0.008877734375000002
0 0.7472642822265625 0.460121923828125 0.008600830078124955 0.008600292968749979
111 0.765298291015625 0.4609541259765625 0.006934472656250024 0.009155322265624988
61 0.6441983398437501 0.44014682617187506 0.012761914062500046 0.011929394531250026
