158 0.6556916259765624 0.435190478515625 0.013951611328124947 0.01705087890625001
52 0.6024078857421875 0.43519040527343755 0.014337255859374953 0.015500927734375003
220 0.365435791015625 0.41542666015624996 0.019376464843749996 0.017825976562500012
16 0.563460205078125 0.449916259765625 0.01162744140625005 0.012400878906250024
134 0.6198442138671875 0.4801431640625 0.00968842773437495 0.010850781249999997
134 0.6196514648437501 0.49777580566406254 0.011627148437500012 0.012787939453125008
128 0.62023515625 0.464060986328125 0.012013281250000007 0.011238183593750006
14 0.5508664306640625 0.45107893066406246 0.010463330078124944 0.011625634765625004
111 0.5752804931640625 0.45069130859375 0.010463330078124944 0.011625781250000022
61 0.28018037109375005 0.42027060546874995 0.017051171874999993 0.017438671874999978
60 0.5867134765625 0.47607412109374997 0.010848828124999987 0.009688281249999986
