208 0.34440095214843747 0.36751311035156253 0.02343764648437502 0.02148422851562498
175 0.6279288818359374 0.3616536376953125 0.02409018554687503 0.024088525390625004
221 0.4228515625 0.364908935546875 0.025390625 0.024088378906249985
221 0.5472013427734375 0.361002685546875 0.02538901367187496 0.024088378906249985
162 0.31998688964843747 0.369466064453125 0.02148452148437502 0.022786621093750015
162 0.39550773925781246 0.365234375 0.02408872070312501 0.0234375
162 0.5205070068359374 0.3616536376953125 0.02409018554687503 0.024088525390625004
162 0.60091064453125 0.3610026123046875 0.024741210937500036 0.022786474609374996
0 0.8063142822265625 0.46289055175781246 0.02929848632812504 0.02604184570312501
0 0.23925788574218748 0.4309895751953125 0.022786279296875017 0.022135400390625004
168 0.8050138427734375 0.48307282714843747 0.01367026367187496 0.011718896484375019
