121 0.6937691569328308 0.5475996732711792 0.023096442222595215 0.027502775192260742
121 0.736572265625 0.54736328125 0.01513671875 0.025390625
110 0.36083984375 0.475341796875 0.0078125 0.00830078125
110 0.804443359375 0.541748046875 0.01025390625 0.02001953125
85 0.156005859375 0.470458984375 0.00830078125 0.00732421875
111 0.15673828125 0.462158203125 0.0087890625 0.00927734375
61 0.360595703125 0.465576171875 0.00732421875 0.00927734375
61 0.1806640625 0.450439453125 0.0048828125 0.00537109375
61 0.201171875 0.451171875 0.0048828125 0.0048828125
61 0.773193359375 0.5439453125 0.01513671875 0.0234375
72 0.298583984375 0.490966796875 0.01025390625 0.01025390625
