158 0.501953125 0.439697265625 0.013671875 0.01318359375
52 0.2607421875 0.431884765625 0.0126953125 0.01416015625
110 0.4619140625 0.47607421875 0.0087890625 0.009765625
43 0.771240234375 0.475830078125 0.01025390625 0.01318359375
148 0.47509765625 0.43896484375 0.01171875 0.0126953125
224 0.438232421875 0.437744140625 0.01123046875 0.01220703125
55 0.425048828125 0.438232421875 0.01123046875 0.01318359375
111 0.4501953125 0.438232421875 0.0126953125 0.01220703125
61 0.188232421875 0.4345703125 0.01318359375 0.0146484375
8 0.488037109375 0.438232421875 0.01220703125 0.01220703125
