188 0.43457038574218754 0.390950439453125 0.01888002929687499 0.018880371093750015
175 0.6298836181640626 0.383137939453125 0.01887856445312497 0.018880371093750015
42 0.49576813964843747 0.3870442626953125 0.02148452148437502 0.020182275390625004
42 0.5791015625 0.3831380126953125 0.021484375 0.020182275390625004
128 0.4117838623046875 0.370768310546875 0.018880224609374996 0.020182128906249985
128 0.47265632324218754 0.36653654785156253 0.02083315429687499 0.01953110351562498
66 0.43489592285156253 0.369140625 0.01953110351562498 0.01953125
179 0.472981689453125 0.3883463623046875 0.018880371093750015 0.018880224609374996
179 0.5563110595703125 0.3834635498046875 0.021479541015624992 0.020833349609374996
162 0.4117838623046875 0.392252685546875 0.018880224609374996 0.020182128906249985
0 0.607421875 0.383137939453125 0.01953125 0.018880371093750015
