19 0.5474863052368164 0.48925653100013733 0.00831460952758789 0.009748578071594238
121 0.538818359375 0.5654296875 0.03857421875 0.041015625
121 0.6484375 0.563720703125 0.041015625 0.03955078125
110 0.307861328125 0.555419921875 0.03564453125 0.03759765625
110 0.55517578125 0.469970703125 0.0087890625 0.00927734375
85 0.36669921875 0.472412109375 0.0087890625 0.00830078125
111 0.36572265625 0.46435546875 0.0068359375 0.0078125
61 0.4248046875 0.5595703125 0.0380859375 0.041015625
61 0.5556640625 0.4599609375 0.0087890625 0.0087890625
17 0.5947265625 0.46484375 0.005859375 0.0068359375
