65 0.7978507568359374 0.3863932373046875 0.01627768554687503 0.018880224609374996
198 0.853515625 0.4518229248046875 0.01171875 0.013020849609374996
154 0.6278076171875 0.4354248046875 0.015380859375 0.015869140625
115 0.85261962890625 0.468098876953125 0.012534179687500036 0.013020996093750015
128 0.7779939697265625 0.38476555175781246 0.01562661132812504 0.01822934570312501
223 0.6278076171875 0.45654296875 0.013916015625 0.015625
116 0.80224609375 0.4703369140625 0.01318359375 0.016845703125
116 0.661376953125 0.465576171875 0.01708984375 0.01806640625
60 0.7779947998046874 0.41015617675781246 0.016927099609374996 0.01822934570312501
97 0.7978507568359374 0.41210930175781246 0.01627768554687503 0.01822934570312501
