22 0.8040100336074829 0.4974512457847595 0.00803220272064209 0.011226534843444824
110 0.3577473876953125 0.2529296142578125 0.027994775390625004 0.024088720703124983
110 0.391276123046875 0.2503256103515625 0.029947753906249985 0.02539047851562501
65 0.32584626464843747 0.20898444824218748 0.02539077148437502 0.02083315429687499
128 0.2932942626953125 0.259765625 0.024088525390625004 0.0234375
128 0.32584626464843747 0.2555337646484375 0.02539077148437502 0.02148452148437499
223 0.2936197998046875 0.21321606445312502 0.024739599609374996 0.022786621093749987
148 0.8492838623046874 0.3753255126953125 0.042317724609374996 0.047526025390625004
60 0.357747314453125 0.20540373535156248 0.026692871093750015 0.02148422851562501
97 0.392252685546875 0.2021484375 0.027994628906249985 0.021484375
