110 0.5568346381187439 0.5210871696472168 0.011173248291015625 0.01662921905517578
110 0.334716796875 0.47802734375 0.00927734375 0.009765625
85 0.091552734375 0.478271484375 0.01025390625 0.01025390625
111 0.090576171875 0.4677734375 0.00927734375 0.009765625
61 0.3349609375 0.4658203125 0.009765625 0.009765625
61 0.1474609375 0.456787109375 0.0048828125 0.00537109375
61 0.171142578125 0.456787109375 0.00439453125 0.00634765625
168 0.306884765625 0.505859375 0.00732421875 0.0078125
214 0.307373046875 0.5185546875 0.00927734375 0.0078125
72 0.2509765625 0.50048828125 0.0126953125 0.013671875
19 0.35009765625 0.500732421875 0.005859375 0.01123046875
17 0.40673828125 0.471923828125 0.0087890625 0.00927734375
