121 0.799072265625 0.52001953125 0.02099609375 0.0205078125
121 0.853271484375 0.51611328125 0.02001953125 0.0205078125
110 0.6728515625 0.52099609375 0.0205078125 0.0234375
110 0.635986328125 0.465087890625 0.00732421875 0.00634765625
224 0.06689453125 0.473876953125 0.005859375 0.00634765625
111 0.066650390625 0.48193359375 0.00634765625 0.0068359375
61 0.73974609375 0.520263671875 0.01953125 0.02197265625
61 0.635498046875 0.4560546875 0.00634765625 0.0068359375
72 0.134521484375 0.46484375 0.00732421875 0.0078125
19 0.134521484375 0.476318359375 0.00830078125 0.00830078125
