170 0.1113759521484375 0.48503999023437505 0.013611279296875 0.019444238281250026
170 0.26866259765625 0.4935746337890625 0.008858398437500026 0.012746923828124979
68 0.0886895751953125 0.4758583984375 0.018364501953125 0.025709960937499998
68 0.11223984375 0.4636513671875 0.013611523437499995 0.019876953124999985
68 0.17835229492187502 0.4905498779296875 0.01145068359375001 0.01922866210937496
68 0.22664023437500003 0.4922783935546875 0.0164201171875 0.016635888671874988
68 0.30193513183593745 0.49681416015625 0.014043115234375014 0.014477929687500002
68 0.2687705322265625 0.4787749755859375 0.008210009765625026 0.01382729492187501
68 0.32829345703125 0.4845003662109375 0.007129882812499988 0.007993896484374985
172 0.110727490234375 0.506104638671875 0.014475488281250004 0.019660449218750042
