158 0.4091796875 0.428955078125 0.0126953125 0.01416015625
52 0.14453125 0.42138671875 0.0146484375 0.0146484375
110 0.366455078125 0.47021484375 0.01025390625 0.0107421875
43 0.734375 0.4697265625 0.0126953125 0.017578125
148 0.381103515625 0.42919921875 0.01416015625 0.0146484375
224 0.34033203125 0.428955078125 0.0126953125 0.01318359375
55 0.325439453125 0.429443359375 0.01416015625 0.01513671875
111 0.354248046875 0.4296875 0.01220703125 0.0146484375
61 0.062744140625 0.42578125 0.01416015625 0.015625
8 0.3955078125 0.42919921875 0.0126953125 0.013671875
