110 0.779541015625 0.52197265625 0.01318359375 0.0126953125
110 0.500244140625 0.48876953125 0.00927734375 0.009765625
85 0.244140625 0.4912109375 0.009765625 0.0107421875
111 0.243896484375 0.48095703125 0.01123046875 0.01171875
61 0.500732421875 0.474853515625 0.01025390625 0.01025390625
61 0.257568359375 0.46923828125 0.00439453125 0.005859375
61 0.2822265625 0.470703125 0.0048828125 0.0048828125
168 0.501220703125 0.516357421875 0.00830078125 0.00830078125
214 0.502197265625 0.52880859375 0.00732421875 0.0078125
72 0.4404296875 0.5126953125 0.013671875 0.013671875
17 0.584716796875 0.480224609375 0.00830078125 0.00927734375
