110 0.73359375 0.45546875 0.01171875 0.01171875
2 0.8224609374999999 0.4451171875 0.010546874999999956 0.011328125000000022
85 0.449609375 0.462890625 0.010937499999999989 0.01171875
111 0.44921875 0.44999999999999996 0.01171875 0.010937499999999989
61 0.7335937499999999 0.4404296875 0.012499999999999956 0.012890624999999989
61 0.5248046875 0.439453125 0.005078125000000044 0.005468750000000022
61 0.5509765625 0.4404296875 0.004296874999999978 0.005078124999999989
168 0.7009765625 0.491015625 0.011328125000000022 0.010156249999999978
214 0.7017578125 0.505859375 0.010546874999999956 0.009375000000000022
72 0.6316406250000001 0.4857421875 0.014843750000000044 0.016015624999999978
19 0.7548828125 0.48359375 0.007421875000000022 0.015625
