170 0.76585048828125 0.48952944335937504 0.010265429687499994 0.009710253906250021
170 0.6575157470703126 0.48842004394531247 0.011095947265625017 0.009155517578124994
170 0.47968095703125 0.48731032714843747 0.011651953125000003 0.010265185546875
138 0.362465625 0.48689399414062495 0.008045507812500019 0.008323144531249993
68 0.4154552734375 0.48536811523437495 0.01081972656250002 0.011374902343749993
68 0.48023557128906247 0.47621259765625 0.011097119140625 0.009710351562499997
68 0.5404376708984375 0.48897504882812504 0.009986669921875024 0.011929589843749977
68 0.5971744140625 0.4878651123046875 0.009153515624999997 0.011374755859374974
68 0.6572374267578125 0.4777389404296875 0.011095947265625017 0.010542333984374985
68 0.71341552734375 0.4899457275390625 0.006938476562500018 0.010542822265624974
68 0.7658509521484376 0.47926496582031247 0.009709716796875045 0.00860024414062499
231 0.76626796875 0.4997951416015626 0.010543749999999963 0.010264111328125047
