188 0.78125 0.35839851074218754 0.0234375 0.02278627929687499
175 0.9026700927734375 0.36718757324218754 0.01757651367187496 0.02083315429687499
175 0.9518229248046874 0.37109375 0.016927099609374996 0.01953125
221 0.8447257568359374 0.3623046875 0.02018393554687503 0.021484375
128 0.7526033447265625 0.33105476074218754 0.02343911132812504 0.02278627929687499
128 0.8190104248046874 0.3352864501953125 0.020833349609374996 0.022135400390625004
66 0.7802742431640626 0.332356689453125 0.02278481445312497 0.022786621093750015
182 0.81966064453125 0.36035163574218754 0.020834960937500036 0.02278627929687499
162 0.7529304931640626 0.35677092285156253 0.02278481445312497 0.02343735351562498
10 0.9319661376953126 0.36914069824218754 0.016276025390625004 0.02083315429687499
10 0.87955810546875 0.36555998535156253 0.018227539062499964 0.02148422851562498
61 0.98828125 0.375325439453125 0.015625 0.018880371093750015
