52 0.4532662353515625 0.45872729492187503 0.012207275390624994 0.010279785156249999
52 0.9341584960937499 0.40765068359375 0.01670566406249996 0.019916601562500025
15 0.18005380859374998 0.494523046875 0.007213085937500002 0.006936718750000015
15 0.6865092041015626 0.480652392578125 0.00860434570312496 0.010265722656249976
148 0.025698999023437502 0.46161857910156245 0.007709716796875002 0.012206884765624981
148 0.5448193359375 0.45840610351562505 0.008994140625000036 0.008352246093750015
111 0.0340511962890625 0.4616184814453125 0.008994677734375001 0.01477700195312498
111 0.5563832519531251 0.45808491210937496 0.011565332031249986 0.012849511718749984
61 0.4057231689453125 0.4609760498046875 0.012207080078124988 0.012206982421875012
61 0.8846889160156249 0.420500048828125 0.014133691406249982 0.018631933593749983
