188 0.661865234375 0.397216796875 0.01513671875 0.01611328125
175 0.760986328125 0.403564453125 0.01318359375 0.01513671875
175 0.802490234375 0.406982421875 0.01318359375 0.01318359375
42 0.714111328125 0.40087890625 0.01416015625 0.015625
128 0.64306640625 0.378662109375 0.015625 0.01416015625
128 0.6962890625 0.382568359375 0.013671875 0.01416015625
66 0.662109375 0.379150390625 0.0146484375 0.01416015625
179 0.696533203125 0.399658203125 0.01416015625 0.01513671875
162 0.643310546875 0.397216796875 0.01416015625 0.01416015625
0 0.744873046875 0.40234375 0.01318359375 0.013671875
0 0.786865234375 0.405517578125 0.01220703125 0.01416015625
61 0.83154296875 0.40869140625 0.0126953125 0.015625
