158 0.707523681640625 0.420598681640625 0.02078955078125 0.020304785156250005
52 0.6188107177734374 0.4160059326171875 0.019340185546875 0.020788232421874997
220 0.3640355224609375 0.4189066650390625 0.019337646484375026 0.018854345703124997
16 0.56708076171875 0.455890234375 0.008692773437499968 0.009669140625000017
134 0.6611125732421875 0.47546994628906253 0.01692241210937495 0.014986767578125004
134 0.660145703125 0.496983251953125 0.01595546874999998 0.015470410156249947
128 0.6613542724609374 0.4532313232421875 0.016439013671874947 0.015953857421874995
0 0.5557214111328126 0.455890234375 0.010153759765625048 0.009669140625000017
111 0.5772427490234375 0.455889306640625 0.009680810546874974 0.009670214843750025
61 0.25477634277343747 0.42253259277343747 0.01643745117187498 0.019337646484375026
