188 0.6979166748046874 0.385416748046875 0.020833349609374996 0.018229003906249985
175 0.8505867431640626 0.39160148925781246 0.014972314453124969 0.01627622070312501
42 0.7519523193359374 0.387369873046875 0.01823081054687503 0.018229003906249985
42 0.8027351806640626 0.3896484375 0.01692543945312497 0.017578125
128 0.6731779052734375 0.36393220214843747 0.01952963867187496 0.01953139648437502
128 0.7285148193359374 0.3665364501953125 0.01823081054687503 0.018229150390625004
66 0.6969401123046874 0.3649088623046875 0.018880224609374996 0.018880224609374996
179 0.7291666748046874 0.38639313964843747 0.016927099609374996 0.01757827148437502
179 0.7819010498046874 0.38834626464843747 0.016927099609374996 0.01757827148437502
162 0.6731779052734375 0.38411467285156253 0.01952963867187496 0.01953110351562498
0 0.8310538818359374 0.3919270751953125 0.01627768554687503 0.018229150390625004
