188 0.014322900390625 0.3785807373046875 0.015625 0.022786474609374996
175 0.13346362304687498 0.402669189453125 0.010416503906250013 0.018880371093750015
42 0.0608724853515625 0.38769538574218754 0.013671728515624995 0.01888002929687499
42 0.0989583251953125 0.39518220214843747 0.010416650390625004 0.01953139648437502
128 0.0455729248046875 0.360677001953125 0.014322900390624997 0.020833496093750015
66 0.0149739501953125 0.3531901123046875 0.016927099609375 0.022786474609374996
179 0.044270849609375 0.38444001464843747 0.015625 0.02148452148437502
179 0.08528637695312499 0.39322907714843747 0.01302099609375 0.01953139648437502
0 0.1207681396484375 0.40071623535156253 0.009765771484375005 0.01757797851562498
61 0.1572265625 0.4088541748046875 0.009765625 0.016927099609374996
