188 0.405859375 0.2955078125 0.04375000000000001 0.04023437499999999
175 0.674609375 0.2919921875 0.04296875 0.03945312499999998
175 0.7931640624999999 0.3 0.037890624999999956 0.0390625
221 0.5412109375 0.289453125 0.044140625000000044 0.04140624999999998
128 0.354296875 0.25605468750000004 0.04140624999999998 0.03789062500000001
128 0.4857421875 0.24609375 0.04414062499999999 0.03828125000000002
66 0.4052734375 0.2513671875 0.04335937499999998 0.03789062500000001
182 0.48671875000000003 0.2908203125 0.04453125000000002 0.041015625
162 0.354296875 0.29921875 0.04140624999999998 0.03828124999999999
10 0.6208984375000001 0.2904296875 0.044140625000000044 0.04023437499999999
10 0.745703125 0.295703125 0.039843749999999956 0.0390625
61 0.8798828125 0.31171875000000004 0.033203125 0.03593750000000001
