220 0.3082558512687683 0.5041511058807373 0.014816582202911377 0.01662576198577881
65 0.6396484375 0.42109375000000004 0.012109374999999978 0.012500000000000011
128 0.6708984375 0.44257812500000004 0.012109374999999978 0.012500000000000011
128 0.5029296875 0.41523437500000004 0.010546874999999956 0.010937499999999989
223 0.6388671875 0.4037109375 0.011328125000000022 0.012109374999999978
3 0.657421875 0.4150390625 0.015625 0.01679687499999999
148 0.8064453125 0.448046875 0.009765625 0.010156249999999978
148 0.6236328124999999 0.404296875 0.011328125000000022 0.012500000000000011
61 0.2689453125 0.4224609375 0.017578125 0.02070312499999999
97 0.6236328124999999 0.421875 0.012109374999999978 0.012500000000000011
