188 0.74837158203125 0.420247314453125 0.011069335937500036 0.011067871093750015
175 0.8447265625 0.42675773925781246 0.009765625 0.01236997070312501
42 0.7822265625 0.422200439453125 0.009765625 0.011067871093750015
42 0.8128255126953126 0.42447907714843747 0.008463525390625004 0.011718896484375019
128 0.73600341796875 0.405924560546875 0.012368164062499964 0.012369628906249985
128 0.7705078125 0.408203125 0.01106445312500004 0.01171875
66 0.7480460693359374 0.406575439453125 0.010418310546875031 0.011067871093750015
179 0.7701839111328126 0.42122404785156253 0.010416650390625004 0.011718603515624981
179 0.8020833251953126 0.42285163574218754 0.010416650390625004 0.01106752929687499
162 0.7360026123046874 0.41927092285156253 0.011067724609374996 0.011718603515624981
0 0.8333333251953126 0.42513029785156253 0.010416650390625004 0.011718603515624981
61 0.86783935546875 0.428059814453125 0.010415039062499964 0.011067871093750015
